-13.9529 -7.76691
3.17712 6.99217
-15.8954 11.484
7.96679 -7.2671
-2.63969 -7.53698
-0.685807 5.13772
-7.97684 9.66769
8.73268 10.4144
13.9617 6.9507
-9.26944 -3.10007
1.33266 -15.6961
4.95565 -7.79934
13.4807 3.72521
13.5784 2.31555
9.11872 -6.94531
24.7121 -0.582366
-5.64318 -14.172
-5.45868 -1.17884
14.214 4.77451
12.5091 7.79747
-10.5587 -13.399
-2.54532 1.58787
3.32786 4.6305
-15.1496 -15.2519
6.30742 -20.8376
0.860807 0.840438
2.76878 -0.0874093
-6.21626 1.97991
2.68296 -10.1378
-7.63153 -9.082
-15.108 9.15177
-4.71975 4.98816
-0.330931 -6.36115
-15.8106 2.55065
-5.58894 9.46525
8.32404 -4.33181
-3.89647 -4.41492
-4.33092 4.93415
5.21068 -9.51582
-23.6652 7.71637
-2.09703 -24.4838
7.39082 -9.39187
1.66503 10.4053
3.35405 -4.49036
12.6795 -7.48688
2.22702 6.35662
3.94539 11.0206
2.98832 -9.39819
15.5691 -7.04835
16.5343 4.63994
-24.4263 5.83836
4.17929 5.34138
-4.06864 0.32178
2.53866 0.564176
6.16856 2.36287
24.6438 -0.10333
-3.62498 -9.13639
13.3906 3.33155
-13.9199 11.8877
30.4828 4.87786
8.16574 0.224064
-11.631 7.04393
12.6339 2.72769
-14.3166 -0.300149
-16.0709 31.3408
-2.28951 13.0908
3.58558 -1.8677
7.33218 -1.20211
-14.6157 -7.72995
3.909 9.12111
-0.202627 5.77886
6.63358 -10.7449
7.7752 -20.5416
9.77143 -9.51325
0.441041 -13.661
-1.02924 11.6183
-19.0257 5.31395
1.74343 -3.64653
5.2479 22.8786
-3.7905 7.61882
7.64084 -0.917864
-9.95169 -9.26923
5.40003 28.4411
-3.12372 11.1062
1.77147 3.85961
22.833 -5.3662
8.69408 6.16071
7.13212 9.74104
5.94809 7.35664
-1.01092 13.0365
-7.46853 -12.5195
8.26853 -2.11004
3.06475 -0.228059
-7.09995 -5.67018
-5.08807 15.2785
18.3372 8.98334
-20.2172 14.7385
-15.512 -4.20515
8.52664 -5.13665
-0.898688 10.8268
63.1269 2.29085
53.9688 -3.07409
53.1176 4.41744
63.5675 -8.77502
44.2342 18.7797
55.304 -8.25757
53.1302 3.25062
43.9585 -1.6816
58.0401 17.7112
63.2177 29.9872
49.6971 12.8779
35.0314 -1.17838
54.0125 -1.10309
49.2251 -2.90347
50.2767 12.1837
53.0529 1.36545
53.6669 -10.4725
24.4888 6.20872
44.3093 -2.08469
66.2587 -14.131
40.8386 5.07051
50.6609 9.76371
59.1786 0.534246
51.8192 -11.3149
36.3458 -3.15882
51.051 -20.215
50.3104 3.58122
40.6264 7.78317
59.3813 17.2503
46.9516 2.75224
54.4892 -9.11767
40.6899 1.97398
43.1686 -13.1309
45.3799 -2.2202
55.8077 13.1516
58.5142 10.3763
51.0844 -0.602762
58.4087 10.8127
52.7397 10.7836
65.3466 -13.5518
58.9812 -1.3504
50.7125 -8.87022
49.1353 -13.2887
70.7373 11.1495
48.7222 3.58631
64.7129 1.61918
38.7541 10.9565
50.6362 7.75966
58.055 -20.0574
61.4423 4.85618
56.2486 -9.15591
41.2308 14.4471
48.5949 -3.18432
52.9039 -21.3069
44.6515 -1.91724
50.6272 -8.34317
36.5306 7.12116
38.9931 -19.1377
73.1165 -2.24957
41.3698 14.3692
58.7102 -11.5747
54.8539 11.7602
45.5843 20.2291
48.7743 -8.25168
52.3073 19.7561
54.9237 15.5558
43.9008 4.72497
56.8445 20.9677
56.254 -1.79141
60.8807 -9.66085
42.684 -4.92458
45.4379 6.94351
58.9195 16.1455
55.5935 13.2854
50.5504 5.68512
45.5045 -13.3626
36.1306 3.13286
44.4605 -5.63028
36.6998 12.4738
56.1108 -5.09668
50.2646 -21.4883
49.0257 -10.4655
60.5102 5.02732
49.4547 -10.451
41.2101 -1.05326
45.8859 2.43102
48.9464 11.4865
54.7912 3.21116
47.9103 9.61721
74.9656 -38.914
53.1143 19.3291
70.6134 12.8733
36.167 -8.39784
41.0115 -4.43817
38.6504 25.813
59.2942 7.29165
53.6721 14.7051
50.8764 20.386
55.3328 5.55599
65.16 -6.71694
78.6863 4.33083
99.1608 -10.6949
110.78 3.63451
96.0603 -2.52337
93.9208 -5.61214
101.074 4.37652
105.993 -13.1703
99.0982 -11.1245
90.2734 6.4054
93.8327 -0.794723
97.9487 -1.12909
107.445 -4.15763
94.9329 4.88315
119.363 5.39542
95.9883 -2.87852
106.04 -16.8532
98.0656 -2.98296
85.6071 11.6689
100.649 1.5413
100.254 18.2398
104.828 -17.704
100.497 2.85653
97.8094 -5.89396
86.9189 24.1803
101.661 0.528242
87.5414 -3.48186
115.416 3.08677
105.639 6.99417
102.121 1.46352
108.211 2.36191
110.542 17.5624
88.6205 18.7845
112.195 -12.5719
111.51 12.2153
104.281 -2.8099
90.8025 12.4278
93.5662 -21.391
98.6654 -7.77795
95.6294 -2.03377
92.6811 3.66782
97.1787 2.83344
96.0425 0.963228
102.222 2.84649
85.8966 16.4404
87.5714 2.67708
111.764 -1.9094
96.8614 -5.90929
101.688 -3.34349
114.452 6.6768
97.2365 -7.08663
92.9381 -7.99696
106.545 -0.888564
91.8447 7.77282
105.422 -6.75682
111.098 -9.77096
102.536 -14.8912
101.342 -3.40119
95.7407 -7.33947
112.185 -6.06035
93.6396 0.37143
85.633 6.17255
92.0269 -11.6962
101.17 15.3244
104.416 2.9601
91.0192 6.09372
99.3515 9.08306
84.4492 -1.14269
89.3081 1.59686
101.217 1.0239
87.6425 -16.3927
93.7778 -4.27694
93.909 -2.93667
110.113 8.14349
106.233 -9.50908
99.2103 6.7583
79.4343 10.8118
91.1503 -3.74851
98.3641 -0.617133
113.023 -7.28323
99.338 23.1643
107.917 -10.8894
99.5855 -2.03073
92.0045 -2.8699
114.579 -12.867
114.97 13.7978
90.2413 -7.69852
108.404 -2.05549
86.667 -8.6472
99.8238 -3.83394
99.4897 7.49197
91.1328 3.70778
91.6703 -23.3442
91.5822 4.56401
102.112 6.24
96.8998 0.147285
106.751 20.864
107.568 -19.1901
104.829 6.68005
104.738 0.254251
102.22 -29.4313
